1 0.010794140323824211 0.9019103915017561 0.021588280647648415 0.05756874839372912
1 0.07324595219737856 0.9183586053285359 0.04471858134155744 0.030155058682429542
1 0.24710871241326138 0.9163025786001885 0.03623747108712415 0.03426711213912441
1 0.2802621434078643 0.9073931294440161 0.03469545104086354 0.019189582797909707
1 0.38781804163454126 0.9080784716867986 0.069390902081727 0.061680801850424134
1 0.5003855050115651 0.921099974299666 0.04934464148033925 0.04386190353807919
1 0.6098689282960678 0.9176732630857535 0.08943716268311491 0.06442217082155395
1 0.7891287586738628 0.9286387389702733 0.05319969159599069 0.05619806390816407
1 0.8654587509637625 0.8998543647734087 0.03623747108712422 0.0479739569947742
1 0.9710871241326138 0.8943716268311488 0.05782575173477255 0.06442217082155395
