1 0.04847537138389366 0.72139692468074 0.03440187646598906 0.044479193814612045
1 0.15011727912431586 0.774215967335592 0.02658326817826424 0.03335939536095907
1 0.3436278342455043 0.7561462948484059 0.024237685691946852 0.027799496134132653
1 0.33463643471462085 0.7116671010337937 0.0250195465207193 0.03613934497437242
1 0.6692728694292416 0.6838676048996613 0.021892103205629353 0.016679697680479534
1 0.6974198592650508 0.6741377812527147 0.010946051602814748 0.016679697680479534
1 0.7286942924159499 0.6887325167231344 0.015637216575449458 0.02362957171401263
1 0.750195465207193 0.6977673529667274 0.010164190774042226 0.025019546520719443
1 0.7607505863956215 0.7088871514203805 0.020328381548084452 0.0250195465207193
1 0.7787333854573885 0.6901224915298411 0.018764659890539548 0.026409521327425835
1 0.8651290070367474 0.6866475545130745 0.017982799061767026 0.0250195465207193
1 0.9726348709929633 0.679002693076188 0.0156372165754496 0.026409521327425977
0 0.7036747458952307 0.7721310051255321 0.0156372165754496 0.05142906784814528
0 0.7138389366692729 0.7707410303188255 0.026583268178264348 0.05976891668838505
0 0.7994526974198592 0.7644861436886455 0.01954652071931207 0.052819042654851815
0 0.9566067240031273 0.7617061940752323 0.02423768569194678 0.0500390930414386
2 0.42806880375293205 0.7137520632438538 0.27443315089914 0.029189470940839186
2 0.7318217357310398 0.6845625923030145 0.2455043002345581 0.06810876552862481
