1 0.05043002345582487 0.8506645817044566 0.028928850664581708 0.038919294587785626
1 0.1532447224394058 0.8451046824776302 0.028146989835809197 0.02779949613413251
1 0.1880375293197811 0.8596994179480497 0.04456606724003127 0.05976891668838505
1 0.14698983580922595 0.886803926678829 0.02658326817826424 0.052819042654851954
1 0.29788897576231427 0.8513595691078101 0.042220484753713844 0.0597689166883849
1 0.3143080531665363 0.96255755364434 0.03596559812353402 0.03752931978107896
1 0.697810789679437 0.8416297454608636 0.025801407349491826 0.029189470940839186
1 0.7322126661454261 0.8395447832508037 0.028928850664581774 0.03613934497437228
1 0.7767787333854573 0.8437147076709235 0.030492572322126675 0.05559899226826517
1 0.7666145426114152 0.9083485361827818 0.01954652071931207 0.03752931978107896
1 0.8784206411258796 0.8332898966206238 0.019546520719311927 0.03196942055425254
1 0.9065676309616889 0.8332898966206238 0.022673964034401875 0.03752931978107896
2 0.900312744331509 0.8687342541916427 0.18686473807662252 0.06671879072191814
