0 0.11493354182955434 0.897923725132482 0.0578577013291634 0.07505863956215791
0 0.17435496481626273 0.9048735991660152 0.031274433150899165 0.10007818608287736
0 0.24784988272087566 0.9152984102163149 0.07349491790461297 0.09590826166275733
0 0.5942142298670836 0.8478846320910433 0.06254886630179826 0.08617843801581088
0 0.7756059421422986 0.8242550603770306 0.021892103205629353 0.038919294587785626
0 0.8017982799061767 0.84718964468769 0.024237685691946922 0.0569889670749717
0 0.8479280688037529 0.8457996698809833 0.03362001563721662 0.06254886630179826
0 0.8764659890539486 0.8332898966206238 0.031274433150899054 0.07922856398227779
0 0.8467552775605942 0.8166101989401442 0.04378420641125871 0.0625488663017984
1 0.6164972634870993 0.7700460429154721 0.027365129007036727 0.03057944574754572
