0 0.20132916340891321 0.860394405351403 0.04456606724003127 0.08617843801581103
0 0.2759968725566849 0.8305099470072105 0.04534792806880379 0.07366866475545138
0 0.426505082095387 0.8318999218139171 0.03987490226739645 0.0569889670749717
0 0.49335418295543393 0.8395447832508036 0.059421422986708376 0.08339848840239768
0 0.5476935105551212 0.8068803752931979 0.014855355746677077 0.056988967074971836
0 0.5774042220484753 0.8124402745200243 0.03987490226739645 0.06810876552862481
0 0.6450351837372947 0.7992355138563114 0.0312744331508992 0.05837894188167837
0 0.8752931936319154 0.7929806267548133 0.038311180609851475 0.034749370167665605
1 0.06450351837372949 0.7617061940752323 0.04456606724003129 0.0500390930414386
1 0.17943706020328382 0.7547563200416991 0.09929632525410476 0.047259143428025396
