1 0.5676309616888193 0.9368430197202676 0.03440187646598915 0.03891929458778549
1 0.9698983580922595 0.8784640778385893 0.02736512900703687 0.047259143428025396
2 0.921422986708366 0.8777690904352358 0.055512118842845834 0.03752931978107896
0 0.24434371363659962 0.98649118234732 0.030516981612526875 0.02701763530535999
0 0.3010286237226043 0.9851012075406134 0.039117450729024165 0.029797584918773337
0 0.34246724764754566 0.9885761445573799 0.0156616258658498 0.022847710885240246
0 0.3682686549970375 0.9871861697506733 0.028171399126209452 0.025627660498653455
0 0.3827208756841282 0.9827121883415864 0.017982799061767026 0.03335939536095907
0 0.5805438700087655 0.9816262705238468 0.03208070327007185 0.03674745895230643
0 0.6204187722761618 0.9830162453305533 0.02426209498234712 0.033967509338893226
0 0.6657667003449654 0.9857961949439666 0.018007208352167226 0.028407610112066665
0 0.8299574743871861 0.9837112327339068 0.028953259954981974 0.03257753453218655
0 0.04340548064207266 0.9857961949439666 0.021134651667257132 0.028407610112066665
