1 0.20172009382329947 0.8958387629224219 0.026583268178264275 0.029189470940839186
1 0.23729476153244725 0.9062635739727216 0.04925723221266619 0.047259143428025396
1 0.27756059421422985 0.8930588133090087 0.0156372165754496 0.034749370167665744
1 0.4018764659890539 0.9132134480062548 0.03440187646598908 0.03891929458778549
1 0.4440969507427678 0.9750673269046999 0.05316653635652855 0.048649118234731926
1 0.4996090695856138 0.9729823646946401 0.029710711493354226 0.044479193814612045
1 0.7494136043784206 0.9312831204934411 0.02580140734949197 0.052819042654851954
1 0.7771696637998438 0.9347580575102077 0.028146989835809252 0.03196942055425254
1 0.7885066458170445 0.9069585613760751 0.027365129007036727 0.034749370167665744
1 0.8385457388584833 0.8673442793849361 0.027365129007036727 0.04447919381461219
1 0.8647380766223611 0.9041786117626617 0.028146989835809252 0.03474937016766589
1 0.9483971853010165 0.8638693423681696 0.026583268178264348 0.0625488663017984
1 0.9288506645817045 0.9083485361827816 0.039093041438624 0.048649118234731926
1 0.9886630179827991 0.8881263285525801 0.022673964034401875 0.06380369524259394
1 0.8666927286942925 0.869429241594996 0.01641907740422212 0.04864911823473207
