1 0.19937451133698203 0.911128485796195 0.029710711493354188 0.03196942055425239
1 0.23064894448788117 0.9139084354096082 0.015637216575449565 0.029189470940839186
1 0.2564503518373729 0.9166883850230215 0.020328381548084414 0.029189470940839186
1 0.2877247849882721 0.8874989140821822 0.025019546520719374 0.029189470940839186
1 0.37294761532447224 0.9729823646946401 0.0578577013291634 0.044479193814612045
1 0.40304925723221274 0.9368430197202676 0.057075840500390954 0.03891929458778549
1 0.4155590304925723 0.9104334983928416 0.046129788897576275 0.030579445747545862
1 0.4828112664122055 0.9823212579272002 0.046154198187976406 0.035357484145599895
1 0.6626270523846756 0.9208583094431413 0.02423768569194678 0.03196942055425254
1 0.7021110242376858 0.946572843367214 0.0547302580140736 0.019459647293892744
1 0.7552775605942142 0.942402918947094 0.05316653635652855 0.02779949613413251
1 0.7920250195465206 0.9013986621492485 0.0422204847537138 0.02918947094083933
1 0.8021892061416882 0.8833289903101249 0.03283801272671479 0.05976891963412484
1 0.8635652853792024 0.8701242289983494 0.014855355746677077 0.03335939536095893
1 0.8964034401876466 0.873599166015116 0.03518373729476153 0.043089219007905515
1 0.9386239249413605 0.8993136999391886 0.04300234558248633 0.0500390930414386
