1 0.8088350273651289 0.7026322647902006 0.021110242376856974 0.023629571714012768
1 0.8342455043002346 0.6977673529667274 0.012509773260359508 0.019459647293892744
1 0.9124315871774823 0.6908174789331943 0.0172009382329945 0.019459647293892886
1 0.9386239249413605 0.6713578316393015 0.013291634089132174 0.022239596907305953
1 0.9515246286161064 0.6727478064460081 0.01250977326035965 0.019459647293892744
1 0.7275215011727911 0.6838676048996613 0.014855355746677077 0.022239596907305953
1 0.6641907740422205 0.6887325167231344 0.010164190774042084 0.01250977326035965
1 0.6391712275215012 0.692207453739901 0.010164190774042368 0.022239596907306095
1 0.5953870211102423 0.6776127182694813 0.014855355746677148 0.02084962210059942
1 0.2498045347928069 0.6866475545130745 0.013291634089132138 0.016679697680479534
1 0.2607505863956216 0.6970723655633742 0.011727912431587164 0.023629571714012768
1 0.2842064112587959 0.6859525671097211 0.013291634089132138 0.01528972287377286
1 0.2052384675527756 0.72973677352098 0.025801407349491788 0.022239596907305953
1 0.1684910086004691 0.7262618365042134 0.025801407349491788 0.020849622100599277
1 0.1763096168881939 0.703327252193554 0.019546520719311965 0.008339848840239767
1 0.16301798279906177 0.7005473025801408 0.027365129007036727 0.027799496134132653
1 0.06919468334636436 0.7526713578316392 0.022673964034401885 0.03196942055425254
1 0.06919468334636435 0.7102771262270872 0.027365129007036755 0.022239596907306095
1 0.056684910086004694 0.7040222395969074 0.013291634089132129 0.02084962210059956
2 0.7666145426114152 0.6810876552862478 0.04925723221266622 0.016679697680479392
2 0.8381548084440971 0.6796976804795414 0.05629397967161836 0.03335939536095907
0 0.4296325254104769 0.7957605768395447 0.01641907740422198 0.03752931978107896
0 0.4405785770132917 0.7999305012596648 0.017982799061766953 0.05420901746155849
0 0.6125879593432368 0.7756059421422986 0.017982799061767096 0.0500390930414386
0 0.6297888975762315 0.7825558161758319 0.025801407349491826 0.04169924420119884
0 0.9429241594996092 0.7624011814785857 0.018764659890539548 0.0569889670749717
0 0.9546520719311963 0.7665711058987056 0.018764659890539406 0.045869168621318866
2 0.6931196247068021 0.6803926678828947 0.021110242376856832 0.02362957171401263
2 0.465598123534011 0.738771609764573 0.2650508209538702 0.03196942055425239
