1 0.4581704456606724 0.9305881330900877 0.026583268178264348 0.0403092693944923
1 0.6336982017200938 0.9090435235861349 0.038311180609851475 0.04725914342802526
1 0.43119624706802184 0.822865085570324 0.0211102423768569 0.04169924420119884
1 0.4546520719311962 0.8298149596038571 0.021110242376856974 0.03335939536095907
1 0.8819390148553558 0.8235600729736774 0.05160281469898351 0.03196942055425239
1 0.9440969507427678 0.8645643297715228 0.03674745895230643 0.044479193814612045
2 0.21344800625488664 0.9069585613760751 0.1141516810007819 0.05976891668838505
2 0.3154808444096951 0.8451046824776302 0.19624706802189212 0.052819042654851954
2 0.11493354182955436 0.8325949092172703 0.13448006254886632 0.0722786899487447
2 0.5508209538702111 0.9146034228129615 0.07114933541829543 0.07505863956215791
2 0.7877247849882721 0.9291981582833811 0.14933541829554342 0.043089219007905515
