1 0.08287724784988272 0.9139084354096082 0.03909304143862394 0.05142906784814528
1 0.007818608287724784 0.9243332464599079 0.012509773260359656 0.03335939536095907
1 0.36161063330727133 0.9159933976196681 0.07271305707584048 0.09451828685605079
1 0.42845973416731825 0.986187125358353 0.020328381548084452 0.026409521327425835
1 0.663408913213448 0.9375380071236208 0.053948397185301075 0.03752931978107896
1 0.6966379984362783 0.8596994179480497 0.05160281469898365 0.03196942055425239
1 0.8537920250195465 0.9361480323169142 0.04222048475371395 0.04030926939449216
1 0.9523064894448788 0.8909738510989489 0.05160281469898351 0.04725914342802526
2 0.34792806880375293 0.8812440274520025 0.28303362001563726 0.06671879072191814
2 0.8146989835809225 0.8916688385023022 0.331508991399531 0.0903483624359309
