1 0.4757623143080532 0.8485796194943966 0.0430023455824864 0.026409521327425977
1 0.5125097732603596 0.860394405351403 0.024237685691946852 0.03335939536095907
1 0.5668491008600469 0.8117452871166709 0.0250195465207193 0.06671879072191814
1 0.5797498045347929 0.8103553123099644 0.028928850664581632 0.05003909304143875
1 0.6075058639562159 0.8124402745200243 0.026583268178264275 0.03752931978107896
1 0.6485535574667709 0.8318999218139171 0.028928850664581774 0.043089219007905515
1 0.7103205629397968 0.8284249847971507 0.03987490226739638 0.03335939536095893
1 0.9511336982017201 0.8124402745200243 0.049257232212666084 0.029189470940839186
1 0.9910086004691165 0.819322575620602 0.017982799061767026 0.0679736196627141
2 0.24081313526192338 0.8715142038050562 0.36903831118060987 0.08617843801581088
