1 0.23768569194683345 0.8047954130831378 0.03127443315089913 0.03891929458778577
1 0.2713057075840501 0.7978455390496048 0.014073494917904661 0.027799496134132653
1 0.2072053242699069 0.971201459473547 0.05475466730447373 0.05759708105290599
1 0.3209538702111024 0.7665711058987056 0.03049257232212664 0.03752931978107881
1 0.4777169663799844 0.7617061940752324 0.039093041438624 0.05559899226826517
1 0.8146989835809225 0.765181131091999 0.03596559812353391 0.03752931978107896
1 0.9323690383111807 0.7644861436886455 0.028928850664581632 0.030579445747545862
1 0.9749804534792808 0.7672660933020589 0.017200938232994643 0.03891929458778549
1 0.05746677091477717 0.7811658413691253 0.030492572322126658 0.03891929458778549
2 0.09186864738076621 0.8152202241334376 0.16810007818608283 0.05142906784814514
2 0.4417513682564504 0.8659543045782294 0.18921032056293974 0.05559899226826517
2 0.8647380766223612 0.834612298494375 0.27052384675527746 0.05407387159564749
