0 0.09735387782737369 0.9830162453305533 0.01644348669462227 0.033967509338893226
0 0.11572760730352692 0.9851012075406134 0.014097904208304826 0.029797584918773337
0 0.13605598885161135 0.9885761445573799 0.017225347523394757 0.022847710885240246
0 0.21854230628710783 0.9885761445573799 0.0289532599549819 0.022847710885240246
0 0.29399187626365203 0.98649118234732 0.021916512496029626 0.02701763530535999
0 0.32565723982893746 0.98649118234732 0.018007208352167153 0.02701763530535999
0 0.36748679416826496 0.9885761445573799 0.028171399126209452 0.022847710885240246
1 0.3924941360437842 0.9618625662409869 0.032838154808444105 0.038919294587785626
0 0.576634565864903 0.98649118234732 0.02426209498234712 0.02701763530535999
0 0.6094727206733471 0.9885761445573799 0.027389538297437 0.022847710885240246
0 0.6665485611737381 0.9871861697506733 0.03208070327007178 0.025627660498653455
1 0.7888975762314309 0.9785422639214665 0.04847537138389356 0.03613934497437242
1 0.8577013291634088 0.9048735991660152 0.045347928068803896 0.036139344974372566
2 0.19116497263487106 0.9430979063504474 0.2947615324472245 0.05420901746155849
