0 0.033620015637216574 0.8638693423681696 0.06254886630179829 0.11814785857006356
0 0.24433150899139952 0.8548345061245766 0.08053166536356528 0.06949874033533135
0 0.3487099296325254 0.8124402745200243 0.054730258014073455 0.0569889670749717
0 0.7818608287724785 0.7811658413691253 0.046911649726348655 0.0250195465207193
0 0.8483189992181391 0.8047954130831378 0.04065676309616876 0.04169924420119884
0 0.9229867083659107 0.7964555642428982 0.06489444878811568 0.06115889149509158
1 0.6942924159499608 0.740856571974633 0.023455824863174258 0.022239596907306095
2 0.17552775605942145 0.7672660933020589 0.16184519155590307 0.06393884110850494
2 0.48866301798279904 0.7644861436886455 0.27521501172791246 0.02779949613413251
2 0.5512118842845973 0.6268786378246893 0.08756841282251755 0.04169924420119884
