0 0.6497263487099297 0.9549126922074538 0.0547302580140736 0.0722786899487447
1 0.7556684910086006 0.9076535487794283 0.06958561376075054 0.0500390930414386
1 0.6829554339327599 0.8395447832508036 0.046129788897576136 0.03057944574754572
1 0.6677091477716967 0.804795413083138 0.0500390930414386 0.030579445747545862
1 0.4714620797498046 0.8082703500999044 0.05160281469898365 0.048649118234731926
1 0.4519155590304926 0.8763791156285293 0.028146989835809252 0.04586916862131872
1 0.35809225957779517 0.8089653375032577 0.04222048475371388 0.038919294587785626
1 0.2947615324472244 0.7846407783858917 0.0422204847537138 0.04030926939449216
1 0.1782642689601251 0.8221700981669707 0.0578577013291634 0.07366866475545138
1 0.05863956215793589 0.8242550603770306 0.05629397967161846 0.06393884110850494
