1 0.17005473025801407 0.7262618365042134 0.039874902267396414 0.05142906784814528
1 0.235340109460516 0.761011206671879 0.03440187646598908 0.034749370167665744
1 0.26153244722439406 0.7102771262270872 0.017982799061767026 0.019459647293892886
1 0.2888975762314308 0.7359916601511597 0.017982799061767026 0.023629571714012768
1 0.3115715402658327 0.7074971766136738 0.016419077404222052 0.027799496134132653
1 0.3670836591086787 0.7617061940752324 0.0289288506645817 0.025019546520719443
1 0.3960125097732603 0.7116671010337937 0.019546520719312 0.04725914342802526
1 0.4843627834245504 0.7130570758405004 0.022673964034401806 0.016679697680479534
1 0.5093823299452697 0.7061072018069672 0.0211102423768569 0.030579445747545862
1 0.6540265832681783 0.716532012857267 0.024237685691946922 0.029189470940839044
1 0.6735731039874903 0.714447050647207 0.017982799061767026 0.0250195465207193
1 0.6946833463643471 0.7102771262270872 0.011727912431587271 0.019459647293892886
1 0.8084440969507427 0.7088871514203805 0.02814698983580911 0.013899748067066326
0 0.6810007818608287 0.776300929545652 0.0234558248631744 0.04030926939449216
0 0.3967943706020328 0.8041004256797845 0.038311180609851475 0.04864911823473207
