1 0.0746677091477717 0.7186169750673269 0.027365129007036738 0.02779949613413251
1 0.12001563721657543 0.6977673529667274 0.03518373729476151 0.033359395360959214
1 0.24941360437842064 0.7088871514203805 0.021892103205629388 0.038919294587785626
1 0.8264268960125097 0.6977673529667274 0.014073494917904555 0.033359395360959214
1 0.777951524628616 0.6838676048996613 0.010946051602814748 0.016679697680479534
1 0.7994526974198592 0.6908174789331943 0.011727912431587129 0.019459647293892886
1 0.8764659890539483 0.6796976804795414 0.014073494917904555 0.022239596907305953
1 0.9046129788897577 0.6755277560594215 0.0172009382329945 0.022239596907305953
1 0.9523064894448788 0.6685778820258883 0.018764659890539548 0.016679697680479534
1 0.8193901485535575 0.6796976804795414 0.010946051602814748 0.016679697680479534
1 0.836591086786552 0.6838676048996613 0.014073494917904555 0.022239596907305953
0 0.947615324472244 0.7658761184953522 0.010946051602814606 0.04447919381461219
0 0.9554339327599688 0.7624011814785857 0.0250195465207193 0.05420901746155863
1 0.5504300234558248 0.6852575797063679 0.017200938232994643 0.022239596907306095
1 0.49687255668491004 0.6956823907566675 0.02423768569194678 0.012509773260359793
1 0.4261141516810008 0.7151420380505604 0.02032838154808438 0.01250977326035965
1 0.41790461297888976 0.6838676048996613 0.013291634089132174 0.016679697680479534
2 0.3272087568412823 0.6866475545130745 0.07427677873338545 0.0250195465207193
2 0.6637998436278343 0.6755277560594215 0.0953870211102425 0.019459647293892744
1 0.7294761532447225 0.6887325167231344 0.01250977326035965 0.02362957171401263
