0 0.04809664561470754 0.9920510815741465 0.04146303321534158 0.015897836851707155
0 0.24708022653730333 0.98649118234732 0.03442628575638928 0.02701763530535999
0 0.3420763172331594 0.9857961949439666 0.04615419818797644 0.028407610112066665
0 0.3874242453019632 0.9774563461037269 0.027389538297437 0.045087307792546195
0 0.486720570556068 0.9753713838936671 0.03677186824270677 0.049257232212666084
0 0.5285501248953957 0.9823212579272002 0.032862564098844374 0.035357484145599895
0 0.5981357386561461 0.9753713838936671 0.045372337359204026 0.049257232212666084
0 0.6368378496803838 0.9802362957171401 0.0211346516672571 0.039527408565719784
0 0.7365251053488748 0.9857961949439666 0.046936059016748854 0.028407610112066665
1 0.8858483189992181 0.9792372513248196 0.04378420641125871 0.026409521327425835
0 0.9589645111346451 0.98440622013726 0.021134651667257174 0.03118755972547987
1 0.9831899921813917 0.8583094431413432 0.022673964034402017 0.02084962210059942
1 0.7134480062548866 0.9271131960733211 0.01954652071931207 0.03891929458778549
2 0.3502736512900704 0.920163322039788 0.2705238467552775 0.06949874033533149
2 0.6168881939014855 0.9271131960733211 0.15011727912431588 0.0500390930414386
