0 0.22478498827208757 0.8367648336373904 0.0289288506645817 0.061158891495091725
0 0.2619233776387803 0.8464946572843368 0.029710711493354188 0.052819042654851815
0 0.4882720875684129 0.8173051863434975 0.03205629397967165 0.06393884110850508
0 0.5070367474589523 0.8075753626965511 0.030492572322126606 0.047259143428025396
0 0.7083659108678656 0.7888107028060116 0.0156372165754496 0.03196942055425239
0 0.7353401094605161 0.7881157154026583 0.014855355746677077 0.03335939536095907
0 0.7861610633307271 0.8117452871166709 0.03674745895230643 0.052819042654851954
0 0.926505082095387 0.7658761184953522 0.020328381548084452 0.03613934497437228
0 0.9726348709929633 0.7568412822517593 0.018764659890539406 0.03752931978107896
0 0.9929632525410477 0.7790133062261099 0.014073494917904696 0.026274375461514978
1 0.8236903831118062 0.7220919120840935 0.027365129007036585 0.03196942055425239
1 0.5699765441751369 0.7207019372773869 0.015637216575449527 0.029189470940839044
1 0.4538702111024237 0.7227868994874467 0.03205629397967165 0.04169924420119869
