1 0.016419077404222045 0.7151420380505603 0.017200938232994525 0.04030926939449216
1 0.026583268178264268 0.7610112066718792 0.017200938232994525 0.01806967248718621
1 0.2814698983580923 0.7526713578316392 0.021892103205629388 0.023629571714012768
1 0.3170445660672401 0.7137520632438538 0.016419077404222052 0.02084962210059942
1 0.4827990617670055 0.7068021892103207 0.022673964034401806 0.015289722873773002
1 0.6536356528537921 0.6748327686560681 0.018764659890539406 0.020849622100599277
1 0.6594996090695855 0.6998523151767874 0.027365129007036585 0.01806967248718621
1 0.6817826426896012 0.6783077056728346 0.021892103205629496 0.0250195465207193
1 0.7200938232994527 0.6810876552862478 0.0156372165754496 0.030579445747545862
1 0.7685691946833464 0.7026322647902006 0.012509773260359508 0.02640952132742612
1 0.8346364347146209 0.6949874033533142 0.019546520719311927 0.019459647293892886
1 0.8573103987490227 0.6810876552862478 0.017982799061767026 0.030579445747545862
1 0.9695074276778735 0.6727478064460081 0.0172009382329945 0.030579445747545862
0 0.5625488663017982 0.7797758665624186 0.022673964034401948 0.0500390930414386
0 0.7169663799843627 0.7679610807054122 0.03596559812353391 0.05976891668838505
0 0.8182173573103987 0.7644861436886455 0.022673964034402017 0.038919294587785626
0 0.9573885848319 0.7637911562852924 0.022673964034401736 0.04586916862131872
2 0.6383893666927287 0.7151420380505604 0.3526192337763879 0.05420901746155849
