0 0.2791365205169749 0.9691164972634871 0.032862564098844305 0.061767005473025875
0 0.3311302656303448 0.9732864216836069 0.03208070327007185 0.053427156632786105
0 0.46521939776482485 0.971201459473547 0.051627223989383776 0.05759708105290599
1 0.5367474882044272 0.8624793672079741 0.017982799061767026 0.029189470940839186
1 0.4593432369038311 0.7999305012596648 0.03674745895230643 0.0403092693944923
1 0.40422204847537135 0.7346016853444531 0.028146989835809252 0.029189470940839044
1 0.282642689601251 0.7485014334115195 0.03049257232212664 0.04864911823473207
1 0.24824081313526192 0.7554513074450526 0.038311180609851475 0.0403092693944923
1 0.9315871774824082 0.7401615845712797 0.027365129007036727 0.04030926939449216
2 0.14073494917904614 0.7749109547389453 0.12822517591868648 0.05142906784814528
1 0.022283033620015644 0.7630961688819389 0.03205629397967162 0.044479193814612045
