0 0.41791681762408983 0.9649465728433672 0.038335589900251606 0.07010685431326565
0 0.3545860904935191 0.9885761445573799 0.0289532599549819 0.022847710885240246
0 0.6266614542611415 0.9458778559638605 0.046129788897576275 0.08200851359569114
0 0.8072712806343378 0.9132134487132325 0.01641907740422198 0.0500390930414386
1 0.28811571540265835 0.8096603249066111 0.024237685691946852 0.01528972287377286
1 0.3557466770914777 0.778385891755712 0.021892103205629426 0.030579445747545862
1 0.3870211102423768 0.8124402745200243 0.015637216575449527 0.029189470940839186
1 0.5660672400312745 0.8061853878898444 0.029710711493354296 0.047259143428025396
1 0.7056293979671618 0.8013204760663715 0.027365129007036727 0.05420901746155849
1 0.740031274433151 0.800625488663018 0.019546520719311927 0.07783858917557111
1 0.9257232212666144 0.761011206671879 0.014073494917904696 0.03196942055425254
1 0.9433150899139953 0.7839457909825385 0.025801407349491684 0.03613934497437228
2 0.12509773260359655 0.8131352619233775 0.2283033620015637 0.05559899226826517
