1 0.07427677873338545 0.7227868994874467 0.03752931978107898 0.02501954652071916
1 0.1770914777169664 0.7137520632438538 0.0289288506645817 0.026409521327425977
1 0.25762314308053164 0.7081921640170272 0.04456606724003127 0.01806967248718621
1 0.3025801407349492 0.705412214403614 0.01720093823299454 0.009729823646946443
1 0.31665363565285376 0.7081921640170273 0.007818608287724764 0.023629571714012768
1 0.3487099421691485 0.7088871517738693 0.0172009382329945 0.016679697680479534
1 0.3842845973416732 0.7109721136304404 0.027365129007036727 0.034749370167665744
1 0.4249413604378421 0.7033272521935541 0.024237685691946852 0.025019546520719443
1 0.5820953870211103 0.6915124663365476 0.022673964034401875 0.02362957171401263
1 0.5930414386239249 0.7200069498740337 0.021110242376856832 0.019459647293892744
1 0.756450351837373 0.6880375293197811 0.022673964034401875 0.022239596907305953
1 0.7955433932759968 0.6915124663365476 0.025801407349491826 0.026409521327425977
0 0.22752150117279124 0.8186951611502041 0.023455824863174327 0.044479193814612045
2 0.46755277560594216 0.7325167231343932 0.22204847537138392 0.030579445747545862
