0 0.15285379202501956 0.8332898966206238 0.032056293979671614 0.07922856398227779
0 0.19781078967943708 0.8416297454608634 0.04378420641125882 0.082008513595691
0 0.25332290852228306 0.8583094431413432 0.06254886630179829 0.05420901746155849
0 0.418295543393276 0.8249500477803839 0.051602814698983576 0.06810876552862481
0 0.473807662236122 0.8402397706541569 0.026583268178264275 0.05976891668838505
0 0.5707584050039093 0.8034054382764313 0.03909304143862393 0.07505863956215776
0 0.6239249413604379 0.7964555642428981 0.039093041438624 0.07227868994874456
0 0.6665363565285379 0.8020154634697246 0.028928850664581774 0.08339848840239768
0 0.887412040656763 0.7985405264529581 0.029710711493354296 0.015289722873773002
2 0.3432369038311181 0.7686560681087655 0.11884284597341668 0.044479193814612045
1 0.21188428459734168 0.7561462948484058 0.051602814698983576 0.05559899226826517
