0 0.1774824081313526 0.8235600729736774 0.03752931978107896 0.06532881591521161
1 0.063721657544957 0.738771609764573 0.030492572322126658 0.01250977326035965
1 0.055121188428459734 0.7116671010337938 0.04769351055512119 0.0722786899487447
1 0.17279124315871777 0.7248718616975067 0.020328381548084452 0.034749370167665744
1 0.23768569194683348 0.72139692468074 0.021892103205629426 0.044479193814612045
1 0.2763878029710712 0.7359916601511598 0.02267396403440184 0.04030926939449216
1 0.28655199374511336 0.716532012857267 0.0211102423768569 0.029189470940839044
1 0.326817826426896 0.7074971766136738 0.015637216575449565 0.025019546520719443
1 0.36004691164972635 0.7068021892103207 0.027365129007036727 0.029189470940839186
1 0.4198592650508209 0.7116671010337937 0.04847537138389363 0.03335939536095907
1 0.5680218921032056 0.6949874033533143 0.024237685691946852 0.030579445747545862
1 0.6215793588741204 0.7283467987142734 0.039093041438623854 0.02501954652071916
1 0.7494136043784206 0.7005473025801408 0.024237685691946922 0.016679697680479534
1 0.8025801407349492 0.6901224915298411 0.024237685691946922 0.02084962210059942
1 0.900312744331509 0.7123620884371471 0.021110242376857116 0.03196942055425239
