1 0.6110242376856919 0.7992355138563114 0.03518373729476153 0.05837894188167837
2 0.6958561376075059 0.7985405264529581 0.11571540265832687 0.05976891668838505
1 0.0836591086786552 0.774215967335592 0.05003909304143863 0.05559899226826517
1 0.35379202501954654 0.7505863956215794 0.04300234558248633 0.03613934497437242
1 0.36121970289288513 0.7853357657892451 0.05629397967161843 0.022239596907305953
1 0.4014855355746677 0.7853357657892451 0.024237685691946852 0.03891929458778549
1 0.4671618451915559 0.7617061940752323 0.028928850664581774 0.052819042654851954
1 0.5969507427677873 0.7596212318651723 0.0445660672400313 0.04586916862131872
1 0.9405785770132917 0.7568412822517593 0.032838154808444105 0.06532881591521161
0 0.4683468410799147 0.98440622013726 0.0922839870855526 0.03118755972547987
