1 0.04691164972634871 0.8742941534184692 0.07036747458952305 0.06115889149509158
1 0.30101641907740423 0.9507427677873338 0.0672400312744331 0.038919294587785626
1 0.35457388584831895 0.8770741030318825 0.06020328381548083 0.06393884110850508
1 0.46481626270523846 0.8847189644687691 0.03987490226739645 0.04864911823473207
1 0.5140734949179047 0.8909738510989489 0.06489444878811568 0.04725914342802526
1 0.418295543393276 0.9243332464599078 0.035965598123533976 0.02779949613413251
1 0.8436278342455042 0.975762314308053 0.03752931978107896 0.030579445747545862
1 0.9773260359655981 0.8701242289983494 0.04534792806880375 0.047259143428025396
2 0.7931978107896793 0.8965337503257754 0.31978107896794356 0.06949874033533135
2 0.818608287724785 0.8256450351837372 0.18451915559030496 0.05837894188167837
2 0.18256450351837372 0.9521327425940405 0.11180609851446442 0.033359395360959214
