1 0.0746677091477717 0.7936756146294849 0.03049257232212665 0.03613934497437242
1 0.22439405785770133 0.7714360177221787 0.040656763096168905 0.04169924420119884
1 0.35340109460516034 0.7540613326383458 0.03440187646598908 0.048649118234731926
1 0.5457388584831899 0.749891408218226 0.03440187646598908 0.02918947094083933
1 0.6790461297888976 0.7554513074450526 0.038311180609851475 0.043089219007905515
1 0.9917904612978891 0.7387040368316176 0.01641907740422198 0.020714476234688705
2 0.1532447224394058 0.8332898966206238 0.29397967161845195 0.06532881591521161
2 0.3831118060985145 0.8346798714273305 0.14073494917904614 0.06254886630179826
1 0.5297107114933541 0.7853357657892451 0.03362001563721655 0.02779949613413251
1 0.5817044566067241 0.7964555642428982 0.032838154808444105 0.047259143428025396
2 0.9343236903831118 0.7825558161758317 0.12509773260359652 0.06949874033533135
