1 0.16106333072713055 0.9271131960733211 0.03752931978107896 0.05559899226826517
1 0.29046129788897573 0.9083485361827818 0.04143862392494139 0.05420901746155849
1 0.4022673964034402 0.9041786117626617 0.038311180609851475 0.04586916862131872
1 0.5363565285379203 0.8944487881157154 0.04222048475371373 0.048649118234731926
1 0.6274433150899139 0.9493527929806274 0.0211102423768569 0.047259143428025396
1 0.6524628616106333 0.9521327425940405 0.0289288506645817 0.052819042654851815
1 0.7587959343236903 0.915993397619668 0.027365129007036727 0.052819042654851815
1 0.7818608287724785 0.929198158283381 0.032838154808444105 0.056988967074971836
1 0.7838154808444097 0.9062635739727216 0.03205629397967158 0.047259143428025396
1 0.7689601250977326 0.8756841282251758 0.03205629397967158 0.047259143428025396
1 0.7865519937451134 0.8701242289983494 0.021892103205629496 0.04169924420119869
1 0.8842845973416732 0.860394405351403 0.014073494917904555 0.04169924420119884
1 0.8964034401876466 0.9069585613760751 0.038311180609851475 0.02362957171401263
2 0.9644253322908523 0.8687342541916427 0.06020328381548097 0.052819042654851954
2 0.45582486317435494 0.9305881330900877 0.22673964034401878 0.07088871514203803
2 0.15910867865519937 0.9125184606029015 0.127443315089914 0.06532881591521161
