1 0.13017982799061767 0.789505690209365 0.03674745895230649 0.0500390930414386
1 0.2388584831899922 0.7943706020328382 0.057075840500390954 0.06532881591521146
1 0.28616106333072716 0.84718964468769 0.018764659890539513 0.03752931978107896
1 0.35691946833463645 0.776300929545652 0.024237685691946852 0.048649118234731926
1 0.41360437842064113 0.7957605768395447 0.021892103205629426 0.03752931978107896
1 0.4741985926505082 0.7846407783858917 0.0211102423768569 0.026409521327425977
1 0.5316653635652854 0.8388497958474502 0.028146989835809322 0.04030926939449216
1 0.575058639562158 0.7797758665624186 0.019546520719311927 0.03891929458778549
1 0.6168881939014855 0.8082703500999046 0.03596559812353405 0.03196942055425254
1 0.7099296325254104 0.7700460429154723 0.039093041438624 0.02779949613413251
1 0.7619233776387803 0.7756059421422986 0.03362001563721662 0.03057944574754572
1 0.7881157154026583 0.7686560681087655 0.026583268178264348 0.02779949613413251
1 0.8299452697419859 0.7839457909825385 0.017982799061767026 0.02779949613413251
1 0.8377638780297108 0.7818608287724785 0.028928850664581774 0.02362957171401263
1 0.9210320562939797 0.7769959169490054 0.021892103205629353 0.03057944574754572
0 0.9554339327599686 0.9437928937538007 0.03440187646598915 0.08895838762922409
2 0.7290852228303362 0.8888888888888888 0.18217357310398746 0.12092780818347663
2 0.07896794370602032 0.9396229693336808 0.15793588741204065 0.1195378333767701
2 0.12978889757623144 0.8485796194943966 0.09695074276778733 0.048649118234731926
