1 0.2290852228303362 0.7790808791590652 0.029710711493354188 0.034749370167665605
1 0.27286942924159496 0.7853357657892451 0.04065676309616886 0.03335939536095907
1 0.4417513682564504 0.8861089392754756 0.051602814698983576 0.03196942055425239
1 0.49765441751368256 0.7776909043523585 0.05082095387021113 0.0403092693944923
1 0.5426114151681001 0.7707410303188255 0.0172009382329945 0.04586916862131872
1 0.5629397967161845 0.8145252367300843 0.029710711493354084 0.0250195465207193
1 0.836591086786552 0.8054904004864912 0.029710711493354296 0.026409521327425977
1 0.7396403440187647 0.7735209799322388 0.0422204847537138 0.04864911823473207
1 0.19507427677873337 0.8235600729736774 0.03362001563721659 0.04864911823473207
1 0.8655199374511336 0.933368082703501 0.07974980453479276 0.0903483624359309
0 0.1911771772800711 0.9788463209104336 0.049281641503066353 0.04230735817913299
