1 0.0688037529319781 0.8409347580575103 0.03440187646598906 0.03335939536095907
1 0.09655981235340111 0.8339848840239771 0.01798279906176701 0.03613934497437228
1 0.12939796716184518 0.8569194683346365 0.02423768569194683 0.03752931978107896
1 0.12705238467552774 0.8339848839061474 0.04300234558248631 0.03335939536095907
1 0.16614542611415167 0.8305099470072105 0.04612978889757622 0.026409521327425977
1 0.21032056293979673 0.8284249847971507 0.051602814698983576 0.04169924420119884
1 0.5680218921032056 0.8082703500999044 0.04456606724003123 0.048649118234731926
1 0.7869429241594996 0.8200851359569108 0.038311180609851475 0.02779949613413251
1 0.8315089913995308 0.8451046824776302 0.022673964034402017 0.052819042654851954
2 0.3799843627834245 0.9076535487794284 0.7584050039093042 0.1000781860828772
