0 0.07401696222050885 0.8559924612353293 0.10485736314572089 0.1466632399554527
1 0.2320740169622205 0.8861475199177591 0.05397070161912104 0.06442217082155409
1 0.2818041634541249 0.880664781975499 0.020817270624518082 0.039749850081384465
1 0.31495759444872784 0.8875182044033239 0.02235929067077869 0.050715325965904154
1 0.3658442559753277 0.8902595733744539 0.03623747108712415 0.05893943287929417
1 0.40208172706245177 0.8977983380450613 0.03161141094834228 0.060310117364859084
1 0.43666927286942925 0.9062635739727217 0.03205629397967158 0.0500390930414386
1 0.540656763096169 0.900008687342542 0.04300234558248633 0.04864911823473207
1 0.6845191555903049 0.9083485361827818 0.02736512900703687 0.0403092693944923
1 0.7259577795152462 0.9326730953001477 0.03987490226739652 0.061158891495091725
