0 0.33699422184613836 0.9871861697506733 0.032862564098844374 0.025627660498653455
0 0.4433272945591955 0.9691164972634871 0.02660767746866448 0.061767005473025875
0 0.46756498025114224 0.9691164972634871 0.01878906918093968 0.061767005473025875
0 0.8592650508209538 0.9285031708800279 0.03596559812353405 0.097298236469464
1 0.7318217357310398 0.8256450351837372 0.05160281469898365 0.052819042654851954
1 0.6149335418295543 0.7700460429154723 0.05082095387021091 0.047259143428025396
1 0.41243158717748246 0.7804708539657719 0.0445660672400313 0.05142906784814528
1 0.20054730258014075 0.7936756146294849 0.0289288506645817 0.03613934497437242
1 0.11610633307271305 0.791590652419425 0.030492572322126675 0.04586916862131872
1 0.07896794370602032 0.8193901485535574 0.03909304143862392 0.05142906784814514
