1 0.030492572322126665 0.8464270843513814 0.06098514464425333 0.07241383581465541
1 0.2458952306489445 0.8207801233602641 0.024237685691946814 0.04030926939449216
1 0.25410476935105547 0.7902006776127183 0.03752931978107899 0.026409521327425977
1 0.24276778733385457 0.7776909043523585 0.05394839718530097 0.04308921900790537
1 0.39640344018764656 0.7700460429154723 0.03596559812353405 0.03613934497437228
1 0.49335418295543393 0.8555294935279298 0.051602814698983576 0.026409521327425977
1 0.48866301798279904 0.804795413083138 0.032838154808444105 0.033359395360959214
1 0.568803752931978 0.8256450351837372 0.033620015637216484 0.02779949613413251
1 0.5324472243940579 0.7950655894361915 0.014073494917904555 0.025019546520719443
1 0.6102423768569194 0.778385891755712 0.038311180609851406 0.06393884110850494
1 0.6915559030492573 0.8124402745200243 0.03987490226739652 0.04586916862131872
1 0.8072713057075841 0.7693510555121188 0.01641907740422198 0.03752931978107896
1 0.8440186685457799 0.78325080511097 0.04300234558248633 0.034749370167665744
1 0.9112588293653188 0.7818608299507747 0.008600469116497322 0.023629571714012768
1 0.9698983580922595 0.7846407783858917 0.019546520719311927 0.06810876552862481
