1 0.0856137607505864 0.72973677352098 0.04612978889757624 0.0250195465207193
1 0.25723221266614543 0.7068021892103207 0.029710711493354153 0.02084962210059942
1 0.2986708365910868 0.6942924159499608 0.034401876465989044 0.04586916862131872
1 0.42025019546520725 0.7012422899834941 0.0523846755277561 0.02918947094083933
1 0.4831899921813917 0.7068021892103207 0.026583268178264275 0.015289722873773002
1 0.39640344018764667 0.7325167231343932 0.043784206411258776 0.030579445747545862
1 0.7032838154808444 0.6984623403700807 0.038311180609851475 0.01806967248718621
1 0.7044566067240032 0.7137520632438538 0.02032838154808431 0.012509773260359793
0 0.7165754495699765 0.7714360177221786 0.021110242376857116 0.05559899226826517
0 0.38741204065676305 0.8061853878898444 0.03205629397967158 0.052819042654851815
2 0.1481626270523847 0.7061072018069672 0.0727130570758405 0.047259143428025396
2 0.06567630961688818 0.7234818868908002 0.1157154026583268 0.05420901746155849
