0 0.1841282251759187 0.8478846320910434 0.039874902267396414 0.05837894188167837
0 0.2169663799843628 0.8485796194943966 0.02111024237685694 0.06254886630179826
0 0.27443315089913994 0.8395447832508037 0.06411258795934327 0.047259143428025396
0 0.5125097732603596 0.8506645817044566 0.03987490226739645 0.03613934497437242
0 0.5883502736512901 0.8221700981669707 0.04925723221266622 0.034749370167665744
0 0.9917904612978891 0.7831832306462297 0.01641907740422198 0.02905432507492833
1 0.01446442533229085 0.7491964208148727 0.027365129007036745 0.022239596907306095
1 0.10086004691164974 0.8034054382764313 0.023455824863174345 0.022239596907306095
1 0.12939796716184518 0.761011206671879 0.032056293979671614 0.04586916862131872
1 0.21344800625488666 0.7436365215880463 0.028146989835809214 0.022239596907306095
1 0.5602032838154808 0.738771609764573 0.033620015637216484 0.02362957171401263
1 0.7587959343236903 0.7554513074450526 0.019546520719311927 0.034749370167665744
1 0.6309616888193902 0.7505863956215794 0.043784206411258776 0.016679697680479534
