0 0.39133354944582566 0.9614716358266007 0.06491885807851595 0.0770567283467986
0 0.648565762111971 0.9482668751628875 0.0758649096813307 0.10346624967422471
0 0.7263609145748328 0.9573017114064808 0.056318388962018705 0.0853965771870385
1 0.8393275996872557 0.8047954130831378 0.03205629397967158 0.04169924420119884
1 0.8565285379202501 0.7936756146294849 0.03674745895230657 0.03613934497437242
1 0.34089132134480066 0.7881157154026585 0.03440187646598908 0.038919294587785626
1 0.20562939796716184 0.8457996698809833 0.026583268178264275 0.029189470940839186
1 0.06802189210320563 0.8041004256797845 0.05316653635652853 0.07922856398227779
2 0.17318217357310398 0.8687342541916427 0.32447224394057855 0.03057944574754572
2 0.5758405003909304 0.8485796194943966 0.4104769351055512 0.048649118234731926
